0.00000000	 304.02410090
0.50000000	 223.72093100
1.00000000	 149.12063863
1.50000000	 114.60700290
2.00000000	 94.44739388
2.50000000	 80.87142707
3.00000000	 71.44776975
3.50000000	 64.24275713
4.00000000	 58.24516618
4.50000000	 53.67825590
5.00000000	 49.66124930
5.50000000	 46.20128783
6.00000000	 43.04162202
6.50000000	 40.73367678
7.00000000	 38.62517655
7.50000000	 36.72411003
8.00000000	 35.03420076
8.50000000	 33.56873396
9.00000000	 32.17238942
9.50000000	 30.89951929
10.00000000	 29.76779559
10.50000000	 28.69914524
11.00000000	 27.71074067
11.50000000	 26.82479406
12.00000000	 25.96721648
12.50000000	 25.18863235
13.00000000	 24.44717613
13.50000000	 23.75302620
14.00000000	 23.12125239
14.50000000	 22.50940775
15.00000000	 21.93179446
15.50000000	 21.38653391
16.00000000	 20.87092492
16.50000000	 20.40123932
17.00000000	 19.93901941
17.50000000	 19.49779065
18.00000000	 19.07794752
18.50000000	 18.68023922
19.00000000	 18.29878220
19.50000000	 17.93477881
20.00000000	 17.58729079
20.50000000	 17.25491095
21.00000000	 16.93939132
21.50000000	 16.63367102
22.00000000	 16.33992234
22.50000000	 16.05772948
23.00000000	 15.78613777
23.50000000	 15.52473265
24.00000000	 15.27291591
24.50000000	 15.03654535
25.00000000	 14.82341700
25.50000000	 14.59627906
26.00000000	 14.37715288
26.50000000	 14.16564779
27.00000000	 13.96108184
27.50000000	 13.76313272
28.00000000	 13.57145584
28.50000000	 13.38572507
29.00000000	 13.20578212
29.50000000	 13.03146992
30.00000000	 12.86236263
30.50000000	 12.69832231
31.00000000	 12.53892405
31.50000000	 12.38407450
32.00000000	 12.23341175
32.50000000	 12.08684294
33.00000000	 11.94427616
33.50000000	 11.80553008
34.00000000	 11.67042367
34.50000000	 11.53886598
35.00000000	 11.41067648
35.50000000	 11.28582900
36.00000000	 11.16410960
36.50000000	 11.04532558
37.00000000	 10.92945540
37.50000000	 10.82439475
38.00000000	 10.71381035
38.50000000	 10.60583339
39.00000000	 10.50037057
39.50000000	 10.39723046
40.00000000	 10.29649097
40.50000000	 10.19796174
41.00000000	 10.10154643
41.50000000	 10.00725848
42.00000000	 9.91500395
42.50000000	 9.82469974
43.00000000	 9.74292063
43.50000000	 9.65535906
44.00000000	 9.56960930
44.50000000	 9.48561265
45.00000000	 9.40332956
45.50000000	 9.32270047
46.00000000	 9.24367252
46.50000000	 9.16620259
47.00000000	 9.09022976
47.50000000	 9.01572009
48.00000000	 8.94262173
48.50000000	 8.87089193
49.00000000	 8.80049694
49.50000000	 8.73138510
50.00000000	 8.66353168
50.50000000	 8.59688947
51.00000000	 8.53143166
51.50000000	 8.46713786
52.00000000	 8.40396076
52.50000000	 8.34187992
53.00000000	 8.28087507
53.50000000	 8.22090796
54.00000000	 8.16194938
54.50000000	 8.10398805
55.00000000	 8.04698590
55.50000000	 7.99092223
56.00000000	 7.93577593
56.50000000	 7.88152640
57.00000000	 7.82814404
57.50000000	 7.77561719
58.00000000	 7.72390734
58.50000000	 7.67301189
59.00000000	 7.62291031
59.50000000	 7.57357314
60.00000000	 7.52498881
60.50000000	 7.47713771
61.00000000	 7.43001541
61.50000000	 7.36592400
62.00000000	 7.32166604
62.50000000	 7.27806162
63.00000000	 7.23506694
63.50000000	 7.19267165
64.00000000	 7.15087443
64.50000000	 7.10964237
65.00000000	 7.07329660
65.50000000	 7.03312863
66.00000000	 6.99349470
66.50000000	 6.95439798
67.00000000	 6.91582824
67.50000000	 6.87775717
68.00000000	 6.84020132
68.50000000	 6.80312357
69.00000000	 6.76654044
69.50000000	 6.73041481
70.00000000	 6.69476330
70.50000000	 6.65955798
71.00000000	 6.62480705
71.50000000	 6.59048277
72.00000000	 6.55659317
72.50000000	 6.52311941
73.00000000	 6.49006069
73.50000000	 6.45740714
74.00000000	 6.42515791
74.50000000	 6.39329421
75.00000000	 6.36181525
75.50000000	 6.33071138
76.00000000	 6.29997286
76.50000000	 6.26960789
77.00000000	 6.23958863
77.50000000	 6.20992315
78.00000000	 6.18061068
78.50000000	 6.15162346
79.00000000	 6.12297848
79.50000000	 6.09465710
80.00000000	 6.06664942
80.50000000	 6.03896374
81.00000000	 6.01158177
81.50000000	 5.98451198
82.00000000	 5.95773597
82.50000000	 5.93125331
83.00000000	 5.90506353
83.50000000	 5.87915726
84.00000000	 5.85353401
84.50000000	 5.82818442
85.00000000	 5.80310806
85.50000000	 5.77830444
86.00000000	 5.75375500
86.50000000	 5.72946817
87.00000000	 5.70543445
87.50000000	 5.68165332
88.00000000	 5.65812425
88.50000000	 5.63482878
89.00000000	 5.61177537
89.50000000	 5.58895445
90.00000000	 5.56636557
90.50000000	 5.54400818
91.00000000	 5.52187299
91.50000000	 5.49995974
92.00000000	 5.47825919
92.50000000	 5.45678012
93.00000000	 5.43551332
93.50000000	 5.41444960
94.00000000	 5.39359770
94.50000000	 5.37293942
95.00000000	 5.35248157
95.50000000	 5.33408621
96.00000000	 5.31399203
96.50000000	 5.29407317
97.00000000	 5.27434465
97.50000000	 5.25480159
98.00000000	 5.23545702
98.50000000	 5.21629705
99.00000000	 5.19733473
99.50000000	 5.17856518
100.00000000	 5.16000140
100.50000000	 5.14161086
101.00000000	 5.12338524
101.50000000	 5.10531548
102.00000000	 5.08741057
102.50000000	 5.06966152
103.00000000	 5.05205933
103.50000000	 5.03461296
104.00000000	 5.01731339
104.50000000	 5.00016967
105.00000000	 4.98316373
105.50000000	 4.96630463
106.00000000	 4.94959231
106.50000000	 4.93301782
107.00000000	 4.91658111
107.50000000	 4.90028224
108.00000000	 4.88412113
108.50000000	 4.86809785
109.00000000	 4.85220344
109.50000000	 4.83643781
110.00000000	 4.82080999
110.50000000	 4.80530207
111.00000000	 4.78992300
111.50000000	 4.77467273
112.00000000	 4.75955135
112.50000000	 4.74454094
113.00000000	 4.72965933
113.50000000	 4.71489769
114.00000000	 4.70025597
114.50000000	 4.68572521
115.00000000	 4.67132335
115.50000000	 4.65702357
116.00000000	 4.64284373
116.50000000	 4.62877496
117.00000000	 4.61481723
117.50000000	 4.60097054
118.00000000	 4.58723496
118.50000000	 4.57360151
119.00000000	 4.56007920
119.50000000	 4.54665903
120.00000000	 4.53335007
120.50000000	 4.52013435
121.00000000	 4.50702984
121.50000000	 4.49402758
122.00000000	 4.48111869
122.50000000	 4.46832108
123.00000000	 4.45560786
123.50000000	 4.44300601
124.00000000	 4.43048858
124.50000000	 4.41807365
125.00000000	 4.40575217
125.50000000	 4.39353173
126.00000000	 4.38139295
126.50000000	 4.36934461
127.00000000	 4.35738670
127.50000000	 4.34551012
128.00000000	 4.33372375
128.50000000	 4.32201852
129.00000000	 4.31040336
129.50000000	 4.29886915
130.00000000	 4.28742479
130.50000000	 4.27605231
131.00000000	 4.26476949
131.50000000	 4.25355829
132.00000000	 4.24243664
132.50000000	 4.23138647
133.00000000	 4.22041670
133.50000000	 4.20951823
134.00000000	 4.19869996
134.50000000	 4.18795284
135.00000000	 4.17728575
135.50000000	 4.16668963
136.00000000	 4.15617343
136.50000000	 4.14571905
137.00000000	 4.13534436
137.50000000	 4.12503139
138.00000000	 4.11479797
138.50000000	 4.10462603
139.00000000	 4.09452458
139.50000000	 4.08449339
140.00000000	 4.07453250
140.50000000	 4.06463281
141.00000000	 4.05480323
141.50000000	 4.04503472
142.00000000	 4.03532715
142.50000000	 4.02568946
143.00000000	 4.01611259
143.50000000	 4.00660546
144.00000000	 3.99714999
144.50000000	 3.98776411
145.00000000	 3.97842979
145.50000000	 3.96916413
146.00000000	 3.96065897
146.50000000	 3.95150646
147.00000000	 3.94241344
147.50000000	 3.93338955
148.00000000	 3.92440778
148.50000000	 3.91549494
149.00000000	 3.90663309
149.50000000	 3.89782213
150.00000000	 3.88907094
150.50000000	 3.88037054
151.00000000	 3.87172987
151.50000000	 3.86313989
152.00000000	 3.85460061
152.50000000	 3.84612092
153.00000000	 3.83769177
153.50000000	 3.82931321
154.00000000	 3.82097614
154.50000000	 3.81269847
155.00000000	 3.80447117
155.50000000	 3.79629422
156.00000000	 3.78816755
156.50000000	 3.78009117
157.00000000	 3.77205600
157.50000000	 3.76407097
158.00000000	 3.75613607
158.50000000	 3.74825122
159.00000000	 3.74040748
159.50000000	 3.73261369
160.00000000	 3.72486082
160.50000000	 3.71715788
161.00000000	 3.70950478
161.50000000	 3.70189253
162.00000000	 3.69432103
162.50000000	 3.68679929
163.00000000	 3.67930925
163.50000000	 3.67187782
164.00000000	 3.66447801
164.50000000	 3.65712778
165.00000000	 3.64981804
165.50000000	 3.64254883
166.00000000	 3.63532004
166.50000000	 3.62813169
167.00000000	 3.62098365
167.50000000	 3.61388492
168.00000000	 3.60681750
168.50000000	 3.59979031
169.00000000	 3.59280334
169.50000000	 3.58585651
170.00000000	 3.57894980
170.50000000	 3.57207416
171.00000000	 3.56524755
171.50000000	 3.55845199
172.00000000	 3.55168735
172.50000000	 3.54497162
173.00000000	 3.53828680
173.50000000	 3.53164182
174.00000000	 3.52502763
174.50000000	 3.51845319
175.00000000	 3.51190954
175.50000000	 3.50540553
176.00000000	 3.49894117
176.50000000	 3.49250748
177.00000000	 3.48610442
177.50000000	 3.47974097
178.00000000	 3.47340811
178.50000000	 3.46710581
179.00000000	 3.46084302
179.50000000	 3.45461074
180.00000000	 3.44840894
180.50000000	 3.44224658
181.00000000	 3.43610571
181.50000000	 3.43000424
182.00000000	 3.42393316
182.50000000	 3.41790139
183.00000000	 3.41189106
183.50000000	 3.40591098
184.00000000	 3.39997021
184.50000000	 3.39405079
185.00000000	 3.38817053
185.50000000	 3.38231159
186.00000000	 3.37649181
186.50000000	 3.37069325
187.00000000	 3.36493378
187.50000000	 3.35919555
188.00000000	 3.35348742
188.50000000	 3.34780937
189.00000000	 3.34216140
189.50000000	 3.33654350
190.00000000	 3.33094662
190.50000000	 3.32538875
191.00000000	 3.31985190
191.50000000	 3.31433604
192.00000000	 3.30885909
192.50000000	 3.30340313
193.00000000	 3.29797699
193.50000000	 3.29258077
194.00000000	 3.28720546
194.50000000	 3.28185100
195.00000000	 3.27653533
195.50000000	 3.27124049
196.00000000	 3.26596643
196.50000000	 3.26072211
197.00000000	 3.25550753
197.50000000	 3.25031370
198.00000000	 3.24514954
198.50000000	 3.24000607
199.00000000	 3.23488330
199.50000000	 3.22979015
200.00000000	 3.22471765
200.50000000	 3.21967470
201.00000000	 3.21465236
201.50000000	 3.20965954
202.00000000	 3.20468728
202.50000000	 3.19973556
203.00000000	 3.19480436
203.50000000	 3.18990263
204.00000000	 3.18502138
204.50000000	 3.18016061
205.00000000	 3.17532920
205.50000000	 3.17051828
206.00000000	 3.16572777
206.50000000	 3.16095761
207.00000000	 3.15621683
207.50000000	 3.15148746
208.00000000	 3.14678739
208.50000000	 3.14210764
209.00000000	 3.13744820
209.50000000	 3.13280902
210.00000000	 3.12819913
210.50000000	 3.12360051
211.00000000	 3.11903109
211.50000000	 3.11447295
212.00000000	 3.10994397
212.50000000	 3.10542623
213.00000000	 3.10093762
213.50000000	 3.09646022
214.00000000	 3.09201189
214.50000000	 3.08758373
215.00000000	 3.08316668
215.50000000	 3.07877868
216.00000000	 3.07440183
216.50000000	 3.07005396
217.00000000	 3.06571719
217.50000000	 3.06140044
218.00000000	 3.05710372
218.50000000	 3.05282697
219.00000000	 3.04857023
219.50000000	 3.04433341
220.00000000	 3.04010759
220.50000000	 3.03591067
221.00000000	 3.03172471
221.50000000	 3.02755861
222.00000000	 3.02341245
222.50000000	 3.01927712
223.00000000	 3.01517067
223.50000000	 3.01107505
224.00000000	 3.00699928
224.50000000	 3.00293433
225.00000000	 2.99889809
225.50000000	 2.99487272
226.00000000	 2.99086714
226.50000000	 2.98687233
227.00000000	 2.98289728
227.50000000	 2.97894197
228.00000000	 2.97499741
228.50000000	 2.97108159
229.00000000	 2.96716755
229.50000000	 2.96328217
230.00000000	 2.95940754
230.50000000	 2.95554364
231.00000000	 2.95170840
231.50000000	 2.94787487
232.00000000	 2.94406999
232.50000000	 2.94027579
233.00000000	 2.93649229
233.50000000	 2.93272841
234.00000000	 2.92898416
234.50000000	 2.92525056
235.00000000	 2.92153662
235.50000000	 2.91783327
236.00000000	 2.91414953
236.50000000	 2.91047638
237.00000000	 2.90682286
237.50000000	 2.90317991
238.00000000	 2.89955651
238.50000000	 2.89594373
239.00000000	 2.89234151
239.50000000	 2.88875880
240.00000000	 2.88519562
240.50000000	 2.88164304
241.00000000	 2.87810095
241.50000000	 2.87457837
242.00000000	 2.87106633
242.50000000	 2.86756481
243.00000000	 2.86408274
243.50000000	 2.86062016
244.00000000	 2.85715910
244.50000000	 2.85371749
245.00000000	 2.85029532
245.50000000	 2.84687465
246.00000000	 2.84347342
246.50000000	 2.84009159
247.00000000	 2.83671127
247.50000000	 2.83335029
248.00000000	 2.83000873
248.50000000	 2.82666863
249.00000000	 2.82334791
249.50000000	 2.82004654
250.00000000	 2.81674662
250.50000000	 2.81346606
251.00000000	 2.81019581
251.50000000	 2.80693593
252.00000000	 2.80369541
252.50000000	 2.80045621
253.00000000	 2.79723632
253.50000000	 2.79403574
254.00000000	 2.79083651
254.50000000	 2.78765657
255.00000000	 2.78447791
255.50000000	 2.78132753
256.00000000	 2.77817846
256.50000000	 2.77503962
257.00000000	 2.77192009
257.50000000	 2.76881080
258.00000000	 2.76571176
258.50000000	 2.76262299
259.00000000	 2.75954445
259.50000000	 2.75647612
260.00000000	 2.75342703
260.50000000	 2.75038816
261.00000000	 2.74735947
261.50000000	 2.74433204
262.00000000	 2.74133275
262.50000000	 2.73833471
263.00000000	 2.73534685
263.50000000	 2.73236913
264.00000000	 2.72941057
264.50000000	 2.72645322
265.00000000	 2.72351497
265.50000000	 2.72058689
266.00000000	 2.71766899
266.50000000	 2.71475223
267.00000000	 2.71185455
267.50000000	 2.70896702
268.00000000	 2.70608960
268.50000000	 2.70322228
269.00000000	 2.70036505
269.50000000	 2.69752693
270.00000000	 2.69468990
270.50000000	 2.69186298
271.00000000	 2.68904610
271.50000000	 2.68623929
272.00000000	 2.68344259
272.50000000	 2.68066488
273.00000000	 2.67788823
273.50000000	 2.67512167
274.00000000	 2.67236512
274.50000000	 2.66961858
275.00000000	 2.66688212
275.50000000	 2.66415553
276.00000000	 2.66143887
276.50000000	 2.65873202
277.00000000	 2.65603507
277.50000000	 2.65334798
278.00000000	 2.65067080
278.50000000	 2.64800347
279.00000000	 2.64533709
279.50000000	 2.64268956
280.00000000	 2.64005195
280.50000000	 2.63741527
281.00000000	 2.63478850
281.50000000	 2.63218061
282.00000000	 2.62957366
282.50000000	 2.62697666
283.00000000	 2.62438957
283.50000000	 2.62181244
284.00000000	 2.61923628
284.50000000	 2.61667900
285.00000000	 2.61413175
285.50000000	 2.61158543
286.00000000	 2.60904908
286.50000000	 2.60652272
287.00000000	 2.60400631
287.50000000	 2.60149986
288.00000000	 2.59900344
288.50000000	 2.59650801
289.00000000	 2.59403153
289.50000000	 2.59155613
290.00000000	 2.58909071
290.50000000	 2.58663530
291.00000000	 2.58418990
291.50000000	 2.58174556
292.00000000	 2.57931122
292.50000000	 2.57689589
293.00000000	 2.57448165
293.50000000	 2.57206847
294.00000000	 2.56967431
294.50000000	 2.56728125
295.00000000	 2.56489821
295.50000000	 2.56252523
296.00000000	 2.56016234
296.50000000	 2.55780955
297.00000000	 2.55545784
297.50000000	 2.55311622
298.00000000	 2.55078467
298.50000000	 2.54845427
299.00000000	 2.54614295
299.50000000	 2.54383272
300.00000000	 2.54153267
300.50000000	 2.53923344
301.00000000	 2.53695279
301.50000000	 2.53467280
302.00000000	 2.53240239
302.50000000	 2.53013254
303.00000000	 2.52788132
303.50000000	 2.52563068
304.00000000	 2.52338962
304.50000000	 2.52114922
305.00000000	 2.51891836
305.50000000	 2.51669713
306.00000000	 2.51448548
306.50000000	 2.51228339
307.00000000	 2.51008197
307.50000000	 2.50788116
308.00000000	 2.50569886
308.50000000	 2.50351720
309.00000000	 2.50134513
309.50000000	 2.49918266
310.00000000	 2.49702083
310.50000000	 2.49486854
311.00000000	 2.49272586
311.50000000	 2.49058382
312.00000000	 2.48845132
312.50000000	 2.48632844
313.00000000	 2.48420616
313.50000000	 2.48209347
314.00000000	 2.47999040
314.50000000	 2.47788793
315.00000000	 2.47579502
315.50000000	 2.47371173
316.00000000	 2.47162905
316.50000000	 2.46955598
317.00000000	 2.46748350
317.50000000	 2.46542957
318.00000000	 2.46337627
318.50000000	 2.46132360
319.00000000	 2.45928051
319.50000000	 2.45724700
320.00000000	 2.45521411
320.50000000	 2.45319084
321.00000000	 2.45117711
321.50000000	 2.44916405
322.00000000	 2.44716056
322.50000000	 2.44516663
323.00000000	 2.44317335
323.50000000	 2.44118963
324.00000000	 2.43920657
324.50000000	 2.43723311
325.00000000	 2.43526022
325.50000000	 2.43330590
326.00000000	 2.43134325
326.50000000	 2.42939915
327.00000000	 2.42744673
327.50000000	 2.42551282
328.00000000	 2.42357955
328.50000000	 2.42165588
329.00000000	 2.41973285
329.50000000	 2.41781938
330.00000000	 2.41590656
330.50000000	 2.41400329
331.00000000	 2.41210967
331.50000000	 2.41021663
332.00000000	 2.40832421
332.50000000	 2.40645038
333.00000000	 2.40456819
333.50000000	 2.40270457
334.00000000	 2.40084158
334.50000000	 2.39897919
335.00000000	 2.39712640
335.50000000	 2.39528320
336.00000000	 2.39344067
336.50000000	 2.39159873
337.00000000	 2.38977535
337.50000000	 2.38794366
338.00000000	 2.38613048
338.50000000	 2.38430899
339.00000000	 2.38250610
339.50000000	 2.38069482
340.00000000	 2.37890213
340.50000000	 2.37711004
341.00000000	 2.37531861
341.50000000	 2.37353676
342.00000000	 2.37176451
342.50000000	 2.36999290
343.00000000	 2.36822191
343.50000000	 2.36646052
344.00000000	 2.36470873
344.50000000	 2.36295762
345.00000000	 2.36120710
345.50000000	 2.35946617
346.00000000	 2.35773481
346.50000000	 2.35600415
347.00000000	 2.35427411
347.50000000	 2.35255363
348.00000000	 2.35084281
348.50000000	 2.34913260
349.00000000	 2.34742303
349.50000000	 2.34572306
350.00000000	 2.34403268
350.50000000	 2.34234290
351.00000000	 2.34065366
351.50000000	 2.33897393
352.00000000	 2.33729471
352.50000000	 2.33562500
353.00000000	 2.33395578
353.50000000	 2.33229611
354.00000000	 2.33064588
354.50000000	 2.32898727
355.00000000	 2.32733810
355.50000000	 2.32569839
356.00000000	 2.32405923
356.50000000	 2.32242956
357.00000000	 2.32080039
357.50000000	 2.31917171
358.00000000	 2.31755251
358.50000000	 2.31594277
359.00000000	 2.31433356
359.50000000	 2.31272483
360.00000000	 2.31112556
360.50000000	 2.30952681
361.00000000	 2.30792856
361.50000000	 2.30634870
362.00000000	 2.30476039
362.50000000	 2.30318152
363.00000000	 2.30160312
363.50000000	 2.30003420
364.00000000	 2.29846576
364.50000000	 2.29690675
365.00000000	 2.29534821
365.50000000	 2.29379915
366.00000000	 2.29225056
366.50000000	 2.29070243
367.00000000	 2.28916372
367.50000000	 2.28762548
368.00000000	 2.28609667
368.50000000	 2.28456832
369.00000000	 2.28304047
369.50000000	 2.28152199
370.00000000	 2.28001295
370.50000000	 2.27849543
371.00000000	 2.27699629
371.50000000	 2.27548861
372.00000000	 2.27399037
372.50000000	 2.27249255
373.00000000	 2.27100413
373.50000000	 2.26951621
374.00000000	 2.26803765
374.50000000	 2.26655955
375.00000000	 2.26508188
375.50000000	 2.26361361
376.00000000	 2.26214579
376.50000000	 2.26068738
377.00000000	 2.25922039
377.50000000	 2.25777176
378.00000000	 2.25631461
378.50000000	 2.25487582
379.00000000	 2.25342850
379.50000000	 2.25199053
380.00000000	 2.25055299
380.50000000	 2.24912484
381.00000000	 2.24769713
381.50000000	 2.24626979
382.00000000	 2.24485184
382.50000000	 2.24343432
383.00000000	 2.24201717
383.50000000	 2.24060940
384.00000000	 2.23921102
384.50000000	 2.23780406
385.00000000	 2.23640643
385.50000000	 2.23500925
386.00000000	 2.23362142
386.50000000	 2.23223395
387.00000000	 2.23085586
387.50000000	 2.22946921
388.00000000	 2.22810086
388.50000000	 2.22672395
389.00000000	 2.22535637
389.50000000	 2.22398915
390.00000000	 2.22263129
390.50000000	 2.22127384
391.00000000	 2.21991675
391.50000000	 2.21856897
392.00000000	 2.21722160
392.50000000	 2.21587458
393.00000000	 2.21453691
393.50000000	 2.21319960
394.00000000	 2.21186264
394.50000000	 2.21053503
395.00000000	 2.20920777
395.50000000	 2.20788086
396.00000000	 2.20656329
396.50000000	 2.20524607
397.00000000	 2.20392919
397.50000000	 2.20262166
398.00000000	 2.20131447
398.50000000	 2.20000761
399.00000000	 2.19871005
399.50000000	 2.19741288
400.00000000	 2.19611608
